13480253104	120	1320	1440
13502468823	735	11349	12084
13510439658	1116	954	2070
13560436326	1136	94	1230
13560436666	1136	94	1230
13560439658	918	4938	5856
13602846565	198	910	1108
13660577991	660	690	1350
13719199419	240	0	240
13726130503	299	681	980
13726238888	2481	24681	27162
13760778710	120	120	240
13822544101	264	0	264
13884138413	4116	1432	5548
13922314466	3008	3720	6728
13925057413	11058	4243	15301
13926251106	240	0	240
13926435656	132	1512	1644
15013685858	369	338	707
15889002119	938	380	1318
15920133257	316	296	612
18212575961	1527	2106	3633
18320173382	9531	212	9743
